"LPI_final" "CI_low" "CI_high"
"1970" 1 1 1
"1971" 0.995715504536626 0.948349874525325 1.04513530266899
"1972" 0.996179387263375 0.932070047866852 1.06034149555351
"1973" 0.972005817804029 0.905731766902146 1.04767241128766
"1974" 0.964046219604913 0.895234542089273 1.04550562517874
"1975" 0.972280832795739 0.892767319875253 1.05120474891567
"1976" 0.978696341418787 0.885833017828441 1.06515773056376
"1977" 0.986857938118585 0.897205370011482 1.08173148532799
"1978" 0.97183936386507 0.877589054266997 1.06848455862391
"1979" 0.947696764239536 0.851890701438797 1.05552029340112
"1980" 0.915100805786399 0.799097812724211 1.04033278085786
"1981" 0.903860923974978 0.762395943880993 1.03196703933064
"1982" 0.898946528790266 0.759247486540563 1.03647587135983
"1983" 0.891613053596055 0.738557722342947 1.03813246161107
"1984" 0.928979580361062 0.767053028446393 1.08749562372174
"1985" 0.947472724151569 0.76285676417578 1.12089513052543
"1986" 0.961976920120131 0.769688895240531 1.12500650949546
"1987" 1.01666607548789 0.802779410165128 1.1953944230887
"1988" 1.03503315867204 0.810478584317082 1.20424745011562
"1989" 1.02812693940341 0.826213855648617 1.22524491334224
"1990" 1.04271770435202 0.829239451365704 1.25026967262205
"1991" 0.988578912274214 0.743124796250773 1.20446094804587
"1992" 0.975761463270398 0.734577695742511 1.21820244998608
"1993" 1.01941125803021 0.771679597380047 1.30125771199581
"1994" 0.970708870947897 0.704481531980402 1.26669370289257
"1995" 0.983241103343429 0.679360147418424 1.27589621434358
"1996" 0.968991788282207 0.663079884884178 1.24925505350707
"1997" 0.99027700400636 0.685716889371273 1.32233200039759
"1998" 1.03773731585846 0.701307513271289 1.35854934454189
"1999" 1.01768077534876 0.696698526387304 1.32278851668513
"2000" 0.968968660589225 0.652672581002054 1.23931931635984
"2001" 0.928326385592194 0.630097842222879 1.23458264428092
"2002" 0.83340366551386 0.568496951795705 1.18424791081537
"2003" 0.855623955734546 0.567996735953645 1.22588491890686
"2004" 0.847627431928895 0.567418712729193 1.21112201656734
"2005" 0.856192906647942 0.591183568109157 1.28804833939392
"2006" 0.817678999336473 0.549959557677278 1.22985881662491
"2007" 0.81563776465412 0.531266423792208 1.23195152661716
"2008" 0.7735549070866 0.491491162659115 1.17598379945266
"2009" 0.721400157559711 0.470933143309973 1.09383822345057
"2010" 0.726759721574227 0.442061218409988 1.19135721459326
"2011" 0.65987328050508 0.396751284504995 1.12953138228053
"2012" 0.625189903660629 0.368188996987681 1.01437339685945
"2013" 0.619201588313206 0.373284001887055 0.995813133923309
"2014" 0.645596269741952 0.386531287752597 1.0712881589401
"2015" 0.641649411642209 0.372732865683703 1.06964795633376
"2016" 0.690232783717511 0.394785999912328 1.19399876991281
"2017" 0.672266736663122 0.383596999139853 1.15720324172359
